9, 20, 27, 35, 17, 28, 38, 21, 34, 26, 3, 33, 25, 22, 32, 33, 18, 31, 33, 30, 38, 43, 9, 35, 14, 49, 47, 14
43, 26, 50, 48, 25, 15, 4, 25, 15, 38, 35, 50, 18, 13, 8, 40, 7, 11, 37, 39, 47, 25, 48, 35, 50, 23, 24, 34
29, 8, 43, 23, 5, 10, 12, 17, 6, 30, 6, 10, 23, 29, 15, 28, 10, 37, 23, 9, 34, 46, 25, 37, 13, 38, 46, 28
6, 50, 42, 42, 4, 37, 10, 6, 20, 40, 41, 28, 6, 39, 3, 44, 42, 12, 34, 9, 34, 18, 21, 44, 25, 14, 3, 44
26, 23, 36, 46, 12, 46, 13, 31, 34, 41, 35, 50, 22, 45, 34, 3, 27, 26, 37, 31, 18, 9, 27, 15, 8, 29, 14, 3
44, 23, 27, 28, 29, 27, 26, 4, 37, 49, 14, 10, 20, 46, 48, 31, 43, 36, 10, 15, 15, 37, 15, 28, 3, 47, 50, 40
9, 50, 48, 42, 47, 12, 20, 37, 32, 17, 18, 48, 16, 43, 47, 16, 38, 37, 22, 42, 12, 34, 35, 1, 36, 12, 33, 33
27, 50, 32, 39, 46, 24, 24, 10, 22, 15, 47, 35, 50, 48, 1, 12, 38, 34, 50, 19, 26, 17, 47, 40, 14, 33, 33, 9
46, 23, 37, 47, 14, 7, 27, 30, 4, 27, 1, 19, 44, 12, 3, 34, 29, 4, 24, 3, 14, 8, 16, 24, 41, 1, 4, 49
41, 26, 43, 24, 1, 23, 6, 36, 5, 31, 3, 10, 11, 27, 30, 21, 24, 14, 25, 6, 26, 42, 25, 44, 42, 24, 21, 22
44, 29, 32, 13, 44, 26, 16, 14, 36, 30, 39, 47, 41, 4, 17, 45, 23, 26, 49, 11, 14, 11, 35, 36, 42, 1, 15, 21
48, 8, 18, 50, 19, 38, 38, 1, 13, 46, 15, 34, 2, 29, 22, 20, 8, 32, 22, 2, 15, 43, 22, 49, 42, 18, 9, 3
41, 32, 36, 29, 16, 33, 34, 14, 1, 44, 35, 50, 23, 24, 48, 38, 9, 39, 31, 33, 50, 48, 7, 32, 21, 15, 22, 27
16, 29, 42, 1, 1, 14, 42, 41, 42, 30, 49, 32, 21, 43, 28, 12, 43, 42, 4, 23, 43, 43, 23, 10, 40, 16, 35, 50
25, 36, 24, 8, 4, 7, 41, 47, 47, 41, 43, 49, 48, 32, 5, 8, 13, 37, 36, 30, 48, 33, 1, 8, 22, 39, 6, 14
36, 14, 44, 5, 18, 33, 28, 5, 6, 15, 31, 7, 45, 9, 41, 23, 25, 48, 5, 21, 28, 7, 25, 26, 7, 34, 41, 49
39, 46, 39, 23, 22, 25, 40, 17, 34, 29, 9, 13, 38, 19, 25, 30, 40, 46, 25, 36, 31, 44, 37, 33, 36, 41, 32, 3
41, 12, 14, 49, 6, 32, 39, 27, 38, 21, 13, 9, 11, 43, 42, 19, 29, 26, 28, 45, 14, 33, 12, 7, 49, 33, 12, 29
27, 20, 29, 26, 26, 15, 13, 48, 29, 40, 26, 25, 30, 42, 25, 46, 20, 48, 27, 11, 49, 39, 47, 27, 8, 31, 43, 41
41, 29, 11, 43, 33, 28, 11, 35, 17, 30, 26, 49, 14, 19, 34, 17, 7, 41, 1, 44, 49, 5, 28, 5, 8, 24, 47, 1
44, 41, 9, 42, 18, 20, 18, 38, 28, 1, 47, 49, 32, 41, 33, 3, 33, 13, 22, 22, 15, 38, 20, 27, 1, 35, 8, 44
20, 12, 48, 23, 3, 45, 9, 1, 49, 10, 35, 46, 5, 32, 18, 8, 49, 39, 44, 18, 46, 49, 20, 2, 18, 4, 25, 20
15, 22, 46, 47, 41, 20, 4, 32, 33, 45, 33, 25, 34, 2, 22, 38, 31, 30, 2, 48, 11, 39, 42, 15, 18, 3, 33, 1
3, 45, 19, 18, 41, 3, 1, 16, 12, 13, 24, 3, 12, 43, 11, 48, 8, 44, 25, 41, 29, 10, 44, 34, 19, 47, 9, 46
46, 50, 40, 23, 46, 9, 45, 22, 20, 17, 27, 43, 7, 46, 31, 26, 33, 42, 28, 32, 14, 23, 5, 23, 22, 1, 10, 6
19, 14, 3, 12, 6, 48, 10, 39, 14, 3, 16, 39, 31, 37, 12, 11, 40, 24, 29, 9, 29, 21, 9, 31, 12, 33, 31, 24
7, 42, 4, 47, 8, 7, 8, 10, 25, 13, 22, 6, 22, 8, 26, 10, 32, 23, 16, 35, 1, 29, 48, 12, 22, 13, 26, 12
28, 45, 50, 24, 30, 38, 29, 10, 10, 22, 15, 43, 39, 37, 32, 33, 7, 16, 22, 34, 11, 48, 5, 31, 48, 10, 29, 45
8, 3, 41, 50, 20, 27, 47, 45, 27, 17, 31, 9, 39, 37, 11, 27, 13, 45, 9, 38, 28, 20, 24, 46, 11, 2, 2, 22
1, 32, 10, 2, 6, 34, 6, 31, 48, 29, 12, 50, 36, 6, 36, 32, 43, 38, 32, 40, 27, 30, 44, 5, 38, 22, 40, 26
36, 39, 39, 3, 26, 50, 48, 3, 5, 49, 16, 41, 8, 33, 11, 43, 20, 37, 13, 23, 20, 42, 15, 23, 2, 35, 20, 2
20, 26, 16, 14, 45, 6, 38, 2, 29, 24, 17, 31, 11, 6, 19, 8, 48, 27, 43, 24, 20, 37, 26, 45, 33, 41, 33, 7
23, 2, 39, 21, 15, 24, 37, 42, 6, 28, 37, 32, 17, 46, 48, 35, 22, 26, 19, 50, 31, 27, 31, 4, 2, 16, 1, 6
33, 14, 47, 17, 44, 19, 3, 28, 22, 33, 47, 2, 26, 34, 17, 50, 29, 28, 13, 34, 28, 25, 29, 15, 30, 19, 1, 39
1, 48, 40, 23, 44, 23, 29, 12, 14, 12, 18, 36, 26, 17, 10, 8, 36, 1, 26, 30, 48, 22, 39, 20, 13, 15, 49, 13
26, 30, 10, 47, 31, 28, 21, 6, 18, 26, 22, 31, 6, 3, 17, 34, 22, 45, 49, 32, 21, 8, 14, 24, 43, 26, 43, 9
24, 26, 14, 41, 14, 33, 9, 14, 20, 9, 15, 15, 10, 40, 19, 34, 37, 49, 32, 22, 21, 29, 46, 45, 3, 2, 11, 7
21, 49, 44, 31, 5, 45, 33, 39, 20, 48, 26, 45, 12, 43, 38, 47, 44, 33, 40, 1, 13, 46, 39, 21, 8, 40, 28, 33
5, 25, 37, 27, 1, 28, 33, 22, 10, 42, 27, 1, 35, 42, 14, 32, 5, 48, 44, 3, 41, 24, 1, 6, 37, 7, 34, 43
17, 31, 8, 14, 41, 5, 6, 39, 37, 7, 26, 41, 48, 20, 46, 42, 35, 13, 30, 32, 23, 41, 18, 6, 6, 5, 1, 2
11, 20, 3, 35, 24, 37, 11, 39, 22, 4, 22, 20, 35, 29, 27, 48, 7, 43, 27, 46, 27, 30, 15, 25, 4, 16, 12, 32
10, 19, 23, 39, 47, 40, 48, 39, 14, 32, 9, 47, 31, 1, 41, 6, 8, 15, 23, 50, 22, 30, 23, 37, 35, 45, 43, 36
33, 49, 41, 1, 31, 40, 46, 45, 40, 12, 36, 38, 19, 11, 15, 22, 40, 24, 14, 12, 39, 50, 44, 21, 13, 11, 30, 50
6, 47, 48, 16, 42, 6, 9, 5, 2, 17, 47, 35, 40, 46, 10, 12, 48, 11, 11, 41, 10, 36, 9, 31, 32, 25, 2, 26
18, 49, 16, 11, 17, 36, 17, 45, 50, 45, 40, 12, 17, 10, 1, 15, 35, 9, 24, 20, 15, 12, 13, 25, 1, 13, 6, 40
48, 44, 49, 46, 20, 12, 15, 36, 40, 39, 31, 12, 33, 49, 28, 50, 8, 3, 2, 41, 13, 43, 33, 33, 15, 15, 24, 18
15, 37, 26, 28, 9, 39, 14, 46, 41, 23, 26, 7, 13, 35, 11, 35, 7, 20, 9, 5, 35, 42, 20, 24, 33, 5, 3, 36
12, 33, 20, 41, 21, 36, 28, 27, 3, 49, 37, 23, 44, 39, 42, 3, 15, 23, 24, 27, 17, 37, 8, 37, 41, 31, 38, 23
41, 38, 10, 44, 14, 47, 40, 21, 31, 34, 21, 13, 39, 20, 24, 1, 4, 39, 17, 20, 33, 12, 36, 2, 17, 24, 37, 7
8, 2, 23, 44, 17, 42, 44, 21, 35, 33, 39, 16, 15, 42, 9, 22, 46, 36, 44, 37, 49, 45, 2, 44, 30, 43, 39, 22
44, 23, 47, 35, 16, 39, 27, 19, 7, 12, 22, 3, 41, 4, 38, 20, 39, 38, 19, 25, 35, 25, 42, 16, 38, 23, 22, 44
7, 2, 46, 2, 26, 3, 18, 30, 25, 2, 38, 1, 43, 33, 28, 39, 11, 18, 30, 38, 47, 25, 4, 14, 1, 37, 43, 12
35, 23, 24, 33, 50, 27, 28, 39, 28, 13, 3, 49, 38, 2, 50, 10, 21, 36, 34, 1, 5, 38, 26, 17, 9, 14, 35, 47
6, 6, 47, 12, 32, 13, 46, 10, 48, 9, 30, 18, 16, 18, 50, 16, 3, 46, 27, 47, 42, 3, 4, 6, 7, 12, 7, 29
44, 33, 17, 47, 38, 20, 8, 30, 22, 12, 15, 39, 43, 19, 43, 31, 24, 26, 47, 18, 18, 10, 4, 30, 8, 31, 18, 40
21, 47, 11, 1, 29, 41, 49, 21, 15, 13, 35, 7, 44, 41, 36, 50, 27, 20, 12, 22, 27, 25, 26, 11, 7, 4, 2, 26

